#FIG 3.2
Landscape
Center
Inches
A4     
100.00
Single
0
1200 2
5 1 0 1 0 7 0 0 -1 0.000 0 1 1 0 1814.859 1864.387 1650 1425 1350 1800 1725 2325
	0 0 1.00 60.00 120.00
5 1 0 1 0 7 0 0 -1 0.000 0 1 1 0 1939.773 1885.227 2100 2325 2400 1800 2025 1425
	0 0 1.00 60.00 120.00
5 1 0 1 0 7 0 0 -1 0.000 0 1 1 0 4325.000 1875.000 3825 1350 3600 1875 3825 2400
	0 0 1.00 60.00 120.00
5 1 0 1 0 7 0 0 -1 0.000 0 1 1 0 3475.000 1918.750 4125 2400 4275 1800 4050 1350
	0 0 1.00 60.00 120.00
6 1425 1050 2175 1425
1 2 0 1 0 7 0 0 -1 0.000 1 0.0000 1800 1237 375 187 1425 1050 2175 1425
4 0 0 0 0 0 12 0.0000 4 180 585 1500 1275 mapped\001
-6
6 1425 2325 2400 2625
1 2 0 1 0 7 0 0 -1 0.000 1 0.0000 1912 2475 487 150 1425 2325 2400 2625
4 0 0 0 0 0 12 0.0000 4 180 765 1500 2550 unmapped\001
-6
6 3750 2400 4200 2700
1 2 0 1 0 7 0 0 -1 0.000 1 0.0000 3975 2550 225 150 3750 2400 4200 2700
4 0 0 0 0 0 12 0.0000 4 180 225 3825 2625 big\001
-6
6 3600 975 4350 1350
1 2 0 1 0 7 0 0 -1 0.000 1 0.0000 3975 1162 375 187 3600 975 4350 1350
4 0 0 0 0 0 12 0.0000 4 135 405 3750 1200 small\001
-6
2 2 1 1 0 7 0 0 -1 4.000 0 0 -1 0 0 5
	 900 600 4800 600 4800 2925 900 2925 900 600
2 1 1 1 0 7 0 0 -1 4.000 0 0 -1 0 0 2
	 3000 600 3000 2925
4 0 0 0 0 0 12 1.5708 4 180 765 4500 2250 CapsLock\001
4 0 0 0 0 0 12 4.7124 4 180 765 3375 1500 CapsLock\001
4 0 0 0 0 0 12 1.5708 4 180 540 2625 2100 display\001
4 0 0 0 0 0 12 0.0000 4 135 315 975 2025 hide\001
