#FIG 3.2
Landscape
Center
Inches
Letter 
100.00
Single
0
1200 2
5 1 0 1 0 7 0 0 -1 0.000 0 1 1 0 937.500 862.500 825 450 525 750 600 1125
	0 0 1.00 60.00 120.00
5 1 0 1 0 7 0 0 -1 0.000 0 1 1 0 1107.000 1639.500 825 1275 675 1800 1125 2100
	0 0 1.00 60.00 120.00
5 1 0 1 0 7 0 0 -1 0.000 0 1 1 0 1037.500 1362.500 1650 1875 1800 1125 1275 600
	0 0 1.00 60.00 120.00
5 1 0 1 0 7 0 0 -1 0.000 0 1 1 0 3007.500 825.000 3075 450 2700 600 2700 1050
	0 0 1.00 60.00 120.00
5 1 0 1 0 7 0 0 -1 0.000 0 1 1 0 3152.885 1670.192 2925 1275 2700 1725 3000 2100
	0 0 1.00 60.00 120.00
5 1 0 1 0 7 0 0 -1 0.000 0 1 1 0 3323.391 1292.450 3675 1950 4050 1125 3600 600
	0 0 1.00 60.00 120.00
1 2 0 1 0 7 0 0 -1 0.000 1 0.0000 1050 562 225 187 825 375 1275 750
1 2 0 1 0 7 0 0 -1 0.000 1 0.0000 900 1125 300 150 600 975 1200 1275
1 2 0 1 0 7 0 0 -1 0.000 1 0.0000 1500 2062 375 187 1125 1875 1875 2250
1 2 0 1 0 7 0 0 -1 0.000 1 0.0000 3375 2062 375 187 3000 1875 3750 2250
1 2 0 1 0 7 0 0 -1 0.000 1 0.0000 3000 1125 375 150 2625 975 3375 1275
1 2 0 1 0 7 0 0 -1 0.000 1 0.0000 3300 525 300 150 3000 375 3600 675
2 1 1 1 0 7 0 0 -1 4.000 0 0 -1 0 0 1
	 3150 375
2 1 1 1 0 7 0 0 -1 4.000 0 0 -1 0 0 1
	 3150 375
2 1 1 1 0 7 0 0 -1 4.000 0 0 -1 1 0 2
	0 0 1.00 60.00 120.00
	 1050 375 3225 375
2 1 1 1 0 7 0 0 -1 4.000 0 0 -1 1 0 2
	0 0 1.00 60.00 120.00
	 1200 1125 2625 1125
2 1 1 1 0 7 0 0 -1 4.000 0 0 -1 1 0 2
	0 0 1.00 60.00 120.00
	 1725 2175 3075 2175
4 0 0 0 0 0 12 0.0000 4 135 270 900 600 null\001
4 0 0 0 0 0 12 0.0000 4 135 480 675 1200 state1\001
4 0 0 0 0 0 12 0.0000 4 135 480 1275 2100 state2\001
4 0 0 0 0 0 12 0.0000 4 135 480 3075 600 state3\001
4 0 0 0 0 0 12 0.0000 4 135 480 2775 1200 state4\001
4 0 0 0 0 0 12 0.0000 4 135 480 3150 2100 state5\001
4 0 0 0 0 0 12 0.0000 4 180 285 2100 2100 K()\001
4 0 0 0 0 0 12 0.0000 4 180 285 2025 1050 K()\001
4 0 0 0 0 0 12 0.0000 4 180 285 1950 300 K()\001
4 0 0 0 0 0 12 0.0000 4 180 240 300 750 a()\001
4 0 0 0 0 0 12 0.0000 4 180 240 675 1725 a()\001
4 0 0 0 0 0 12 0.0000 4 180 240 1575 1575 a()\001
4 0 0 0 0 0 12 0.0000 4 180 240 2775 1650 a()\001
4 0 0 0 0 0 12 0.0000 4 180 240 2700 825 a()\001
4 0 0 0 0 0 12 0.0000 4 180 240 4125 1125 a()\001
4 0 0 0 0 0 12 0.0000 4 180 1215 5175 525 public class K {\001
4 0 0 0 0 0 12 0.0000 4 165 810 5325 750 static int i;\001
4 0 0 0 0 0 12 0.0000 4 180 1305 5100 1050 static public a(){\001
4 0 0 0 0 0 12 0.0000 4 90 180 5100 1275    :\001
4 0 0 0 0 0 12 0.0000 4 90 180 5100 1500    :\001
4 0 0 0 0 0 12 0.0000 4 180 135 5100 1725  }\001
4 0 0 0 0 0 12 0.0000 4 180 90 5100 1950 }\001
